 6.6e+06 0.0268571 0.000168722 6.66413e-06 2.22499e-05 4.03541e-05 0.000132764
 6.8e+06 0.0238341 0.000145327 7.9414e-07 7.07928e-06 1.74663e-05 9.38881e-05
 7e+06 0.0212248 0.000125719 1.03452e-07 2.43031e-06 8.58029e-06 6.932e-05
 7.2e+06 0.0189629 0.000109202 1.4445e-08 8.65063e-07 4.47789e-06 5.24563e-05
 7.4e+06 0.0169945 9.5221e-05 2.14585e-09 3.17162e-07 2.434e-06 4.03642e-05
 7.6e+06 0.015275 8.33342e-05 3.37516e-10 1.19542e-07 1.36751e-06 3.14582e-05
 7.8e+06 0.0137675 7.31844e-05 5.59961e-11 4.62628e-08 7.9025e-07 2.47763e-05
 8e+06 0.0124416 6.44824e-05 9.76731e-12 1.83617e-08 4.67948e-07 1.96921e-05
 8.2e+06 0.0112714 5.69931e-05 1.78587e-12 7.46553e-09 2.83086e-07 1.57791e-05
 8.4e+06 0.0102357 5.05237e-05 3.41345e-13 3.10584e-09 1.74519e-07 1.27379e-05
 8.6e+06 0.00931625 4.49158e-05 6.80618e-14 1.32065e-09 1.09413e-07 1.03537e-05
 8.8e+06 0.00849775 4.00385e-05 1.41396e-14 5.73362e-10 6.96384e-08 8.47006e-06
 9e+06 0.0077672 3.57832e-05 3.10458e-15 2.53906e-10 4.49309e-08 6.97107e-06
 9.2e+06 0.0071135 3.20592e-05 7.86807e-16 1.14581e-10 2.93468e-08 5.77019e-06
 9.4e+06 0.00652715 2.87907e-05 2.96847e-16 5.26467e-11 1.93814e-08 4.80209e-06
 9.6e+06 0.00599998 2.5914e-05 1.0747e-16 2.4609e-11 1.29305e-08 4.01699e-06
 9.8e+06 0.00552498 2.33755e-05 4.14937e-17 1.16937e-11 8.70816e-09 3.37672e-06
 1e+07 0.00509606 2.11296e-05 1.20453e-17 5.64459e-12 5.91624e-09 2.85175e-06
 1.02e+07 0.00470797 1.91377e-05 3.66982e-18 2.76598e-12 4.05272e-09 2.41912e-06
 1.04e+07 0.00435614 1.7367e-05 8.81166e-19 1.37509e-12 2.79791e-09 2.06084e-06
 1.06e+07 0.00403656 1.57893e-05 2.22721e-19 6.93158e-13 1.94597e-09 1.76274e-06
 1.08e+07 0.00374576 1.43805e-05 8.42596e-20 3.54068e-13 1.36303e-09 1.51361e-06
 1.1e+07 0.00348068 1.31198e-05 7.03877e-21 1.83191e-13 9.6117e-10 1.3045e-06
 1.12e+07 0.00323864 1.19895e-05 1.44519e-21 9.59492e-14 6.82183e-10 1.12826e-06
 1.14e+07 0.00301728 1.09741e-05 2.87499e-21 5.08587e-14 4.87184e-10 9.79136e-07
 1.16e+07 0.00281451 1.00601e-05 1.13185e-23 2.7261e-14 3.50004e-10 8.52476e-07
 1.18e+07 0.00262849 9.23595e-06 1.93759e-24 1.477e-14 2.52897e-10 7.44503e-07
 1.2e+07 0.00245759 8.49152e-06 1.21761e-24 8.11709e-15 1.83745e-10 6.52137e-07
 1.22e+07 0.00230036 7.81794e-06 7.41154e-25 4.49828e-15 1.34215e-10 5.72856e-07
 1.24e+07 0.0021555 7.20747e-06 2.96462e-25 2.5212e-15 9.85432e-11 5.04585e-07
 1.26e+07 0.00202187 6.65332e-06 2.48816e-25 1.44279e-15 7.2713e-11 4.45611e-07
 1.28e+07 0.00189843 6.14953e-06 5.82335e-26 8.44685e-16 5.39124e-11 3.94516e-07
 1.3e+07 0.00178427 5.69082e-06 2.11758e-26 5.13884e-16 4.01596e-11 3.50118e-07
 1.32e+07 0.00167857 5.27256e-06 2.11758e-26 3.33003e-16 3.00504e-11 3.11432e-07
 1.34e+07 0.00158058 4.89066e-06 5.29396e-27 2.1857e-16 2.25846e-11 2.77634e-07
 1.36e+07 0.00148963 4.54147e-06 0 1.61835e-16 1.70457e-11 2.48028e-07
 1.38e+07 0.00140514 4.22178e-06 0 1.01382e-16 1.29183e-11 2.22031e-07
 1.4e+07 0.00132655 3.92872e-06 0 7.28852e-17 9.82951e-12 1.99147e-07
 1.42e+07 0.00125338 3.65974e-06 0 4.61398e-17 7.50837e-12 1.78958e-07
 1.44e+07 0.00118518 3.41255e-06 0 3.01982e-17 5.75698e-12 1.61106e-07
 1.46e+07 0.00112156 3.18513e-06 0 1.70425e-17 4.43034e-12 1.45288e-07
 1.48e+07 0.00106216 2.97566e-06 0 1.57165e-17 3.42157e-12 1.31242e-07
 1.5e+07 0.00100663 2.7825e-06 0 5.66447e-18 2.6517e-12 1.18745e-07
 1.52e+07 0.000954686 2.60419e-06 0 5.79192e-18 2.06199e-12 1.07606e-07
 1.54e+07 0.000906049 2.43943e-06 0 2.29462e-18 1.60871e-12 9.76576e-08
 1.56e+07 0.000860471 2.28701e-06 0 3.33129e-18 1.2591e-12 8.87576e-08
 1.58e+07 0.000817723 2.14588e-06 0 2.85927e-18 9.88544e-13 8.07817e-08
 1.6e+07 0.000777597 2.01508e-06 0 2.26698e-18 7.7849e-13 7.36222e-08
 1.62e+07 0.000739903 1.89372e-06 0 4.85176e-19 6.14895e-13 6.71851e-08
 1.64e+07 0.000704465 1.78103e-06 0 1.46472e-19 4.87071e-13 6.13888e-08
 1.66e+07 0.000671123 1.6763e-06 0 1.76648e-19 3.86933e-13 5.61614e-08
 1.68e+07 0.000639731 1.57887e-06 0 8.84258e-20 3.08205e-13 5.14406e-08
 1.7e+07 0.000610153 1.48815e-06 0 6.0337e-20 2.46179e-13 4.7171e-08
 1.72e+07 0.000582265 1.40362e-06 0 1.42678e-20 1.97143e-13 4.33045e-08
 1.74e+07 0.000555953 1.32478e-06 0 8.30417e-21 1.58283e-13 3.97983e-08
 1.76e+07 0.00053111 1.2512e-06 0 3.6305e-20 1.2741e-13 3.66148e-08
 1.78e+07 0.000507639 1.18247e-06 0 9.70085e-21 1.02792e-13 3.37207e-08
 1.8e+07 0.00048545 1.11822e-06 0 2.53994e-20 8.3134e-14 3.10866e-08
 1.82e+07 0.000464461 1.05812e-06 0 4.79142e-21 6.74044e-14 2.86862e-08
 1.84e+07 0.000444594 1.00185e-06 0 8.73484e-21 5.4759e-14 2.64964e-08
 1.86e+07 0.000425778 9.49132e-07 0 2.58388e-20 4.45964e-14 2.44965e-08
 1.88e+07 0.000407947 8.99709e-07 0 3.5592e-22 3.64006e-14 2.26681e-08
 1.9e+07 0.000391039 8.53343e-07 0 5.27599e-22 2.97734e-14 2.09946e-08
 1.92e+07 0.000374999 8.09814e-07 0 3.95154e-22 2.44133e-14 1.94614e-08
 1.94e+07 0.000359772 7.68923e-07 0 2.53375e-22 2.00454e-14 1.80553e-08
 1.96e+07 0.000345311 7.30485e-07 0 2.00725e-24 1.65e-14 1.67646e-08
 1.98e+07 0.000331569 6.94329e-07 0 3.48414e-22 1.36026e-14 1.55787e-08
 2e+07 0.000318504 6.603e-07 0 1.21299e-24 1.12394e-14 1.44879e-08
 2.02e+07 0.000306076 6.28253e-07 0 2.77614e-21 9.31198e-15 1.34839e-08
 2.04e+07 0.000294248 5.98054e-07 0 6.95299e-22 7.70703e-15 1.25589e-08
 2.06e+07 0.000282987 5.69581e-07 0 3.24224e-25 6.40911e-15 1.17058e-08
 2.08e+07 0.000272258 5.42719e-07 0 3.01156e-25 5.33901e-15 1.09186e-08
 2.1e+07 0.000262034 5.17363e-07 0 1.10523e-23 4.44875e-15 1.01914e-08
 2.12e+07 0.000252285 4.93415e-07 0 1.85273e-25 3.71496e-15 9.51924e-09
 2.14e+07 0.000242985 4.70785e-07 0 2.7541e-25 3.10463e-15 8.89736e-09
 2.16e+07 0.00023411 4.49389e-07 0 1.97422e-25 2.60505e-15 8.32159e-09
 2.18e+07 0.000225636 4.2915e-07 0 1.43051e-25 2.18907e-15 7.78811e-09
 2.2e+07 0.000217542 4.09994e-07 0 2.51297e-25 1.84091e-15 7.29345e-09
 2.22e+07 0.000209808 3.91856e-07 0 1.24656e-25 1.55172e-15 6.83444e-09
 2.24e+07 0.000202415 3.74672e-07 0 9.52085e-26 1.30495e-15 6.40822e-09
 2.26e+07 0.000195344 3.58385e-07 0 7.16752e-26 1.10613e-15 6.01216e-09
 2.28e+07 0.00018858 3.42939e-07 0 7.85201e-26 9.34755e-16 5.64389e-09
 2.3e+07 0.000182106 3.28286e-07 0 5.6331e-26 7.94909e-16 5.30122e-09
 2.32e+07 0.000175907 3.14378e-07 0 3.97357e-26 6.74756e-16 4.98216e-09
 2.34e+07 0.00016997 3.0117e-07 0 3.8133e-26 5.73585e-16 4.68489e-09
 2.36e+07 0.000164281 2.88623e-07 0 2.70074e-26 4.88162e-16 4.40776e-09
 2.38e+07 0.000158828 2.76698e-07 0 1.45584e-26 4.19878e-16 4.14924e-09
 2.4e+07 0.0001536 2.6536e-07 0 3.15983e-26 3.56333e-16 3.90792e-09
 2.42e+07 0.000148584 2.54574e-07 0 7.52734e-27 3.06441e-16 3.68254e-09
 2.44e+07 0.000143772 2.44311e-07 0 2.81241e-26 2.67423e-16 3.47191e-09
 2.46e+07 0.000139154 2.34539e-07 0 1.05879e-26 2.27442e-16 3.27495e-09
 2.48e+07 0.000134719 2.25234e-07 0 6.28657e-27 1.9823e-16 3.09068e-09
 2.5e+07 0.000130459 2.16367e-07 0 2.1119e-27 1.7362e-16 2.91818e-09
 2.52e+07 0.000126367 2.07916e-07 0 0 1.5266e-16 2.7566e-09
 2.54e+07 0.000122433 1.99859e-07 0 4.30134e-27 1.33569e-16 2.60519e-09
 2.56e+07 0.000118652 1.92173e-07 0 1.77844e-27 1.16109e-16 2.46321e-09
 2.58e+07 0.000115015 1.84839e-07 0 1.32349e-27 1.02904e-16 2.33002e-09
 2.6e+07 0.000111517 1.77838e-07 0 3.23117e-28 9.45347e-17 2.205e-09
 2.62e+07 0.000108151 1.71153e-07 0 1.90252e-27 8.2904e-17 2.08761e-09
 2.64e+07 0.000104911 1.64768e-07 0 1.65436e-28 7.43655e-17 1.9773e-09
 2.66e+07 0.000101791 1.58666e-07 0 2.64698e-27 6.78713e-17 1.87362e-09
 2.68e+07 9.8786e-05 1.52833e-07 0 0 6.21213e-17 1.77611e-09
 2.7e+07 9.58914e-05 1.47256e-07 0 1.98523e-27 5.51532e-17 1.68436e-09
 2.72e+07 9.3102e-05 1.41921e-07 0 0 4.83094e-17 1.59799e-09
 2.74e+07 9.04133e-05 1.36817e-07 0 0 4.55084e-17 1.51665e-09
 2.76e+07 8.7821e-05 1.31931e-07 0 0 4.07437e-17 1.44001e-09
 2.78e+07 8.53209e-05 1.27253e-07 0 0 3.8634e-17 1.36777e-09
 2.8e+07 8.29092e-05 1.22773e-07 0 0 3.33464e-17 1.29965e-09
 2.82e+07 8.05821e-05 1.1848e-07 0 0 3.22228e-17 1.23538e-09
 2.84e+07 7.8336e-05 1.14367e-07 0 0 2.80232e-17 1.17472e-09
 2.86e+07 7.61677e-05 1.10423e-07 0 0 2.34077e-17 1.11744e-09
 2.88e+07 7.40738e-05 1.06642e-07 0 0 2.23067e-17 1.06334e-09
 2.9e+07 7.20515e-05 1.03015e-07 0 0 2.05334e-17 1.01221e-09
 2.92e+07 7.00976e-05 9.95353e-08 0 0 1.6923e-17 9.63872e-10
 2.94e+07 6.82096e-05 9.61955e-08 0 0 1.46526e-17 9.18157e-10
 2.96e+07 6.63847e-05 9.29893e-08 0 0 1.44249e-17 8.74905e-10
 2.98e+07 6.46204e-05 8.99104e-08 0 0 1.30246e-17 8.33968e-10
 3e+07 6.29144e-05 8.69531e-08 0 0 1.07429e-17 7.95206e-10
 3.02e+07 6.12642e-05 8.41118e-08 0 0 9.89175e-18 7.58492e-10
 3.04e+07 5.96679e-05 8.13811e-08 0 0 8.94872e-18 7.23703e-10
 3.06e+07 5.81231e-05 7.87561e-08 0 0 8.21449e-18 6.90727e-10
 3.08e+07 5.66281e-05 7.62321e-08 0 0 6.61767e-18 6.59459e-10
 3.1e+07 5.51808e-05 7.38045e-08 0 0 7.96315e-18 6.29798e-10
 3.12e+07 5.37795e-05 7.14691e-08 0 0 6.23241e-18 6.01654e-10
 3.14e+07 5.24223e-05 6.92218e-08 0 0 5.27052e-18 5.74938e-10
 3.16e+07 5.11077e-05 6.70588e-08 0 0 3.76551e-18 5.49571e-10
 3.18e+07 4.98341e-05 6.49764e-08 0 0 4.10101e-18 5.25476e-10
 3.2e+07 4.85998e-05 6.29711e-08 0 0 3.18072e-18 5.02581e-10
 3.22e+07 4.74036e-05 6.10397e-08 0 0 3.45412e-18 4.80819e-10
 3.24e+07 4.62439e-05 5.91788e-08 0 0 3.08815e-18 4.60129e-10
 3.26e+07 4.51195e-05 5.73857e-08 0 0 2.57938e-18 4.40451e-10
 3.28e+07 4.40291e-05 5.56573e-08 0 0 2.80911e-18 4.21729e-10
 3.3e+07 4.29714e-05 5.3991e-08 0 0 1.80123e-18 4.03911e-10
 3.32e+07 4.19452e-05 5.23843e-08 0 0 1.96567e-18 3.86949e-10
 3.34e+07 4.09495e-05 5.08346e-08 0 0 1.38611e-18 3.70797e-10
 3.36e+07 3.99832e-05 4.93395e-08 0 0 1.62393e-18 3.55411e-10
 3.38e+07 3.90452e-05 4.7897e-08 0 0 1.57044e-18 3.40751e-10
 3.4e+07 3.81346e-05 4.65047e-08 0 0 1.06731e-18 3.26778e-10
 3.42e+07 3.72503e-05 4.51607e-08 0 0 8.04654e-19 3.13457e-10
 3.44e+07 3.63916e-05 4.38631e-08 0 0 7.19898e-19 3.00753e-10
 3.46e+07 3.55574e-05 4.26099e-08 0 0 6.74228e-19 2.88634e-10
 3.48e+07 3.4747e-05 4.13995e-08 0 0 5.46996e-19 2.7707e-10
 3.5e+07 3.39596e-05 4.02301e-08 0 0 8.79458e-19 2.66034e-10
 3.52e+07 3.31943e-05 3.91001e-08 0 0 4.92723e-19 2.55497e-10
 3.54e+07 3.24505e-05 3.8008e-08 0 0 4.2289e-19 2.45434e-10
 3.56e+07 3.17274e-05 3.69523e-08 0 0 4.42794e-19 2.35822e-10
 3.58e+07 3.10243e-05 3.59316e-08 0 0 3.74689e-19 2.26638e-10
 3.6e+07 3.03406e-05 3.49445e-08 0 0 3.03062e-19 2.17861e-10
 3.62e+07 2.96757e-05 3.39898e-08 0 0 3.36058e-19 2.09471e-10
 3.64e+07 2.90288e-05 3.30662e-08 0 0 3.38923e-19 2.01447e-10
 3.66e+07 2.83995e-05 3.21726e-08 0 0 5.73052e-19 1.93774e-10
 3.68e+07 2.77871e-05 3.13078e-08 0 0 2.42956e-19 1.86432e-10
 3.7e+07 2.71912e-05 3.04707e-08 0 0 1.89785e-19 1.79407e-10
 3.72e+07 2.66111e-05 2.96604e-08 0 0 1.54812e-19 1.72684e-10
 3.74e+07 2.60464e-05 2.88758e-08 0 0 5.59652e-19 1.66246e-10
 3.76e+07 2.54967e-05 2.81159e-08 0 0 1.38406e-19 1.60082e-10
 3.78e+07 2.49613e-05 2.73799e-08 0 0 1.20162e-19 1.54177e-10
 3.8e+07 2.444e-05 2.6667e-08 0 0 1.30722e-19 1.48521e-10
 3.82e+07 2.39321e-05 2.59761e-08 0 0 1.28416e-19 1.431e-10
 3.84e+07 2.34374e-05 2.53067e-08 0 0 1.15576e-19 1.37904e-10
 3.86e+07 2.29554e-05 2.46578e-08 0 0 9.19407e-20 1.32923e-10
 3.88e+07 2.24858e-05 2.40288e-08 0 0 8.00135e-20 1.28147e-10
 3.9e+07 2.20281e-05 2.3419e-08 0 0 7.64553e-20 1.23565e-10
 3.92e+07 2.15819e-05 2.28276e-08 0 0 5.88505e-20 1.19171e-10
 3.94e+07 2.11471e-05 2.22541e-08 0 0 5.83593e-20 1.14953e-10
 3.96e+07 2.07231e-05 2.16978e-08 0 0 4.60489e-20 1.10906e-10
 3.98e+07 2.03097e-05 2.11581e-08 0 0 5.38145e-20 1.07021e-10
 4e+07 1.99065e-05 2.06344e-08 0 0 3.37254e-20 1.03291e-10
 4.02e+07 1.95133e-05 2.01262e-08 0 0 5.5669e-20 9.97081e-11
 4.04e+07 1.91298e-05 1.96329e-08 0 0 3.53464e-20 9.6267e-11
 4.06e+07 1.87556e-05 1.91541e-08 0 0 7.29275e-20 9.2961e-11
 4.08e+07 1.83905e-05 1.86892e-08 0 0 3.41619e-20 8.97842e-11
 4.1e+07 1.80343e-05 1.82378e-08 0 0 3.33184e-20 8.6731e-11
 4.12e+07 1.76867e-05 1.77994e-08 0 0 1.48184e-20 8.37958e-11
 4.14e+07 1.73474e-05 1.73736e-08 0 0 1.9529e-20 8.09737e-11
 4.16e+07 1.70162e-05 1.696e-08 0 0 1.98891e-20 7.82597e-11
 4.18e+07 1.66928e-05 1.65581e-08 0 0 2.28941e-20 7.56492e-11
