 6.6e+06 9.10829
 6.8e+06 8.58039
 7e+06 8.09708
 7.2e+06 7.65349
 7.4e+06 7.24538
 7.6e+06 6.86906
 7.8e+06 6.52132
 8e+06 6.19933
 8.2e+06 5.90061
 8.4e+06 5.62298
 8.6e+06 5.36448
 8.8e+06 5.12341
 9e+06 4.89824
 9.2e+06 4.68758
 9.4e+06 4.49023
 9.6e+06 4.30509
 9.8e+06 4.13117
 1e+07 3.96757
 1.02e+07 3.81351
 1.04e+07 3.66824
 1.06e+07 3.53112
 1.08e+07 3.40155
 1.1e+07 3.27898
 1.12e+07 3.16292
 1.14e+07 3.05292
 1.16e+07 2.94855
 1.18e+07 2.84945
 1.2e+07 2.75526
 1.22e+07 2.66566
 1.24e+07 2.58037
 1.26e+07 2.4991
 1.28e+07 2.42161
 1.3e+07 2.34768
 1.32e+07 2.27707
 1.34e+07 2.20961
 1.36e+07 2.1451
 1.38e+07 2.08337
 1.4e+07 2.02427
 1.42e+07 1.96765
 1.44e+07 1.91337
 1.46e+07 1.86131
 1.48e+07 1.81135
 1.5e+07 1.76337
 1.52e+07 1.71727
 1.54e+07 1.67295
 1.56e+07 1.63033
 1.58e+07 1.58932
 1.6e+07 1.54983
 1.62e+07 1.5118
 1.64e+07 1.47515
 1.66e+07 1.43982
 1.68e+07 1.40574
 1.7e+07 1.37286
 1.72e+07 1.34112
 1.74e+07 1.31047
 1.76e+07 1.28085
 1.78e+07 1.25223
 1.8e+07 1.22456
 1.82e+07 1.19779
 1.84e+07 1.1719
 1.86e+07 1.14683
 1.88e+07 1.12256
 1.9e+07 1.09905
 1.92e+07 1.07627
 1.94e+07 1.0542
 1.96e+07 1.03279
 1.98e+07 1.01203
 2e+07 0.991893
 2.02e+07 0.972349
 2.04e+07 0.953376
 2.06e+07 0.934954
 2.08e+07 0.917061
 2.1e+07 0.899676
 2.12e+07 0.882781
 2.14e+07 0.866358
 2.16e+07 0.850388
 2.18e+07 0.834856
 2.2e+07 0.819746
 2.22e+07 0.805042
 2.24e+07 0.790731
 2.26e+07 0.776798
 2.28e+07 0.763229
 2.3e+07 0.750013
 2.32e+07 0.737138
 2.34e+07 0.724591
 2.36e+07 0.712362
 2.38e+07 0.70044
 2.4e+07 0.688814
 2.42e+07 0.677476
 2.44e+07 0.666415
 2.46e+07 0.655624
 2.48e+07 0.645092
 2.5e+07 0.634811
 2.52e+07 0.624775
 2.54e+07 0.614975
 2.56e+07 0.605403
 2.58e+07 0.596054
 2.6e+07 0.586919
 2.62e+07 0.577992
 2.64e+07 0.569268
 2.66e+07 0.56074
 2.68e+07 0.552402
 2.7e+07 0.544248
 2.72e+07 0.536274
 2.74e+07 0.528474
 2.76e+07 0.520843
 2.78e+07 0.513376
 2.8e+07 0.506068
 2.82e+07 0.498915
 2.84e+07 0.491913
 2.86e+07 0.485057
 2.88e+07 0.478343
 2.9e+07 0.471768
 2.92e+07 0.465328
 2.94e+07 0.459018
 2.96e+07 0.452836
 2.98e+07 0.446778
 3e+07 0.440841
 3.02e+07 0.435022
 3.04e+07 0.429316
 3.06e+07 0.423723
 3.08e+07 0.418238
 3.1e+07 0.412859
 3.12e+07 0.407583
 3.14e+07 0.402407
 3.16e+07 0.397329
 3.18e+07 0.392347
 3.2e+07 0.387458
 3.22e+07 0.38266
 3.24e+07 0.37795
 3.26e+07 0.373327
 3.28e+07 0.368788
 3.3e+07 0.364332
 3.32e+07 0.359955
 3.34e+07 0.355657
 3.36e+07 0.351436
 3.38e+07 0.347289
 3.4e+07 0.343216
 3.42e+07 0.339213
 3.44e+07 0.33528
 3.46e+07 0.331415
 3.48e+07 0.327617
 3.5e+07 0.323883
 3.52e+07 0.320213
 3.54e+07 0.316605
 3.56e+07 0.313058
 3.58e+07 0.30957
 3.6e+07 0.30614
 3.62e+07 0.302766
 3.64e+07 0.299448
 3.66e+07 0.296185
 3.68e+07 0.292974
 3.7e+07 0.289815
 3.72e+07 0.286707
 3.74e+07 0.283649
 3.76e+07 0.28064
 3.78e+07 0.277678
 3.8e+07 0.274763
 3.82e+07 0.271893
 3.84e+07 0.269068
 3.86e+07 0.266287
 3.88e+07 0.263549
 3.9e+07 0.260853
 3.92e+07 0.258198
 3.94e+07 0.255583
 3.96e+07 0.253008
 3.98e+07 0.250472
 4e+07 0.247973
 4.02e+07 0.245512
 4.04e+07 0.243087
 4.06e+07 0.240698
 4.08e+07 0.238344
 4.1e+07 0.236024
 4.12e+07 0.233739
 4.14e+07 0.231486
 4.16e+07 0.229265
 4.18e+07 0.227076
